232 232 232 232 232 232 232 232 232 232 232 232 232 232 232 232
232 225 199 195 215 231 232 232 227 205 194 210 229 232 232 232
232 199  66  46 146 229 232 232 209  96  39 121 221 232 232 232
232 193  36  12 123 215 223 230 205  71   4  95 207 221 229 232
232 193  35   6  56  99 141 216 205  71   2  43  95 121 210 232
232 193  36   2   3   5  74 206 205  72   2   2   4  39 194 232
232 205  96  71  71  72 120 213 213 120  72  71  71  96 205 232
232 227 209 205 205 205 213 228 228 213 205 205 205 209 227 232
232 227 209 206 220 231 232 232 232 232 231 220 206 209 227 232
232 205  96  80 161 229 232 232 232 232 229 161  80  96 205 232
232 193  36  14 129 225 228 228 228 228 225 129  14  36 193 232
232 193  35   7  73 128 130 130 130 130 128  73   7  35 193 232
232 193  36   1   7  12  13  13  13  13  12   7   1  36 193 232
232 199  66  36  35  35  35  35  35  35  35  35  36  66 199 232
232 225 199 193 193 193 193 193 193 193 193 193 193 199 225 232
232 232 232 232 232 232 232 232 232 232 232 232 232 232 232 232
232 232 232 232 232 232 232 232 232 232 232 232 232 232 232 232
232 225 199 195 215 231 232 232 227 205 194 210 229 232 232 232
232 199  66  46 146 229 232 232 209  96  39 121 221 232 232 232
232 193  36  12 123 215 223 230 205  71   4  95 207 221 229 232
232 193  35   6  56  99 141 216 205  71   2  43  95 121 210 232
232 193  36   2   3   5  74 206 205  72   2   2   4  39 194 232
232 205  96  71  71  72 120 213 213 120  72  71  71  96 205 232
232 227 209 205 205 205 213 228 228 213 205 205 205 209 227 232
232 227 209 206 220 231 232 232 232 232 231 220 206 209 227 232
232 205  96  80 161 229 232 232 232 232 229 161  80  96 205 232
232 193  36  14 129 225 228 228 228 228 225 129  14  36 193 232
232 193  35   7  73 128 130 130 130 130 128  73   7  35 193 232
232 193  36   1   7  12  13  13  13  13  12   7   1  36 193 232
232 199  66  36  35  35  35  35  35  35  35  35  36  66 199 232
232 225 199 193 193 193 193 193 193 193 193 193 193 199 225 232
232 232 232 232 232 232 232 232 232 232 232 232 232 232 232 232
232 232 232 232 232 232 232 232 232 232 232 232 232 232 232 232
232 225 199 195 215 231 232 232 227 205 194 210 229 232 232 232
232 199  66  46 146 229 232 232 209  96  39 121 221 232 232 232
232 193  36  12 123 215 223 230 205  71   4  95 207 221 229 232
232 193  35   6  56  99 141 216 205  71   2  43  95 121 210 232
232 193  36   2   3   5  74 206 205  72   2   2   4  39 194 232
232 205  96  71  71  72 120 213 213 120  72  71  71  96 205 232
232 227 209 205 205 205 213 228 228 213 205 205 205 209 227 232
232 227 209 206 220 231 232 232 232 232 231 220 206 209 227 232
232 205  96  80 161 229 232 232 232 232 229 161  80  96 205 232
232 193  36  14 129 225 228 228 228 228 225 129  14  36 193 232
232 193  35   7  73 128 130 130 130 130 128  73   7  35 193 232
232 193  36   1   7  12  13  13  13  13  12   7   1  36 193 232
232 199  66  36  35  35  35  35  35  35  35  35  36  66 199 232
232 225 199 193 193 193 193 193 193 193 193 193 193 199 225 232
232 232 232 232 232 232 232 232 232 232 232 232 232 232 232 232

232 232 232 232 232 232 232 232 232 232 232 232 232 232 232 232
232 232 232 230 210 195 206 228 228 206 194 194 194 200 226 232
232 232 232 221 121  39  96 210 210  96  37  36  36  67 200 232
232 230 221 207  95   5  72 206 207  80  14   8   2  36 194 232
232 210 121  95  43   3  71 206 220 161 129  73   8  36 194 232
232 195  39   5   3   3  72 206 232 229 225 129  13  36 194 232
232 206  96  72  71  72 121 213 232 232 228 131  13  36 194 232
232 228 210 206 206 206 213 228 232 232 228 131  13  36 194 232
232 232 232 230 217 206 213 228 232 232 228 131  13  36 194 232
232 232 232 223 141  75 121 213 232 232 228 131  13  36 194 232
232 231 229 216 100   6  72 206 232 229 225 129  13  36 194 232
232 215 146 124  56   4  71 206 220 161 129  73   8  36 194 232
232 196  47  13   6   2  72 206 207  80  14   8   2  36 194 232
232 200  67  36  36  37  96 210 210  96  37  36  36  67 200 232
232 226 200 194 194 194 206 228 228 206 194 194 194 200 226 232
232 232 232 232 232 232 232 232 232 232 232 232 232 232 232 232
232 232 232 232 232 232 232 232 232 232 232 232 232 232 232 232
232 232 232 230 210 195 206 228 228 206 194 194 194 200 226 232
232 232 232 221 121  39  96 210 210  96  37  36  36  67 200 232
232 230 221 207  95   5  72 206 207  80  14   8   2  36 194 232
232 210 121  95  43   3  71 206 220 161 129  73   8  36 194 232
232 195  39   5   3   3  72 206 232 229 225 129  13  36 194 232
232 206  96  72  71  72 121 213 232 232 228 131  13  36 194 232
232 228 210 206 206 206 213 228 232 232 228 131  13  36 194 232
232 232 232 230 217 206 213 228 232 232 228 131  13  36 194 232
232 232 232 223 141  75 121 213 232 232 228 131  13  36 194 232
232 231 229 216 100   6  72 206 232 229 225 129  13  36 194 232
232 215 146 124  56   4  71 206 220 161 129  73   8  36 194 232
232 196  47  13   6   2  72 206 207  80  14   8   2  36 194 232
232 200  67  36  36  37  96 210 210  96  37  36  36  67 200 232
232 226 200 194 194 194 206 228 228 206 194 194 194 200 226 232
232 232 232 232 232 232 232 232 232 232 232 232 232 232 232 232
232 232 232 232 232 232 232 232 232 232 232 232 232 232 232 232
232 232 232 230 210 195 206 228 228 206 194 194 194 200 226 232
232 232 232 221 121  39  96 210 210  96  37  36  36  67 200 232
232 230 221 207  95   5  72 206 207  80  14   8   2  36 194 232
232 210 121  95  43   3  71 206 220 161 129  73   8  36 194 232
232 195  39   5   3   3  72 206 232 229 225 129  13  36 194 232
232 206  96  72  71  72 121 213 232 232 228 131  13  36 194 232
232 228 210 206 206 206 213 228 232 232 228 131  13  36 194 232
232 232 232 230 217 206 213 228 232 232 228 131  13  36 194 232
232 232 232 223 141  75 121 213 232 232 228 131  13  36 194 232
232 231 229 216 100   6  72 206 232 229 225 129  13  36 194 232
232 215 146 124  56   4  71 206 220 161 129  73   8  36 194 232
232 196  47  13   6   2  72 206 207  80  14   8   2  36 194 232
232 200  67  36  36  37  96 210 210  96  37  36  36  67 200 232
232 226 200 194 194 194 206 228 228 206 194 194 194 200 226 232
232 232 232 232 232 232 232 232 232 232 232 232 232 232 232 232

232 232 232 232 232 232 232 232 232 232 232 232 232 232 232 232
232 226 200 194 194 194 194 194 194 194 194 194 194 200 226 232
232 200  67  36  36  36  36  36  36  36  36  36  36  67 200 232
232 194  36   2   8  13  13  13  13  13  13   8   2  36 194 232
232 194  36   8  73 129 131 131 131 131 129  73   8  36 194 232
232 194  37  14 129 225 228 228 228 228 225 129  14  37 194 232
232 206  96  80 161 229 232 232 232 232 229 161  80  96 206 232
232 228 210 207 220 232 232 232 232 232 232 220 207 210 228 232
232 228 210 206 206 206 213 228 228 213 206 206 206 210 228 232
232 206  96  72  71  72 121 213 213 121  72  71  72  96 206 232
232 195  39   5   3   3  72 206 206  75   6   4   2  37 194 232
232 210 121  95  43   3  71 206 217 141 100  56   6  36 194 232
232 230 221 207  95   5  72 206 230 223 216 124  13  36 194 232
232 232 232 221 121  39  96 210 232 232 229 146  47  67 200 232
232 232 232 230 210 195 206 228 232 232 231 215 196 200 226 232
232 232 232 232 232 232 232 232 232 232 232 232 232 232 232 232
232 232 232 232 232 232 232 232 232 232 232 232 232 232 232 232
232 226 200 194 194 194 194 194 194 194 194 194 194 200 226 232
232 200  67  36  36  36  36  36  36  36  36  36  36  67 200 232
232 194  36   2   8  13  13  13  13  13  13   8   2  36 194 232
232 194  36   8  73 129 131 131 131 131 129  73   8  36 194 232
232 194  37  14 129 225 228 228 228 228 225 129  14  37 194 232
232 206  96  80 161 229 232 232 232 232 229 161  80  96 206 232
232 228 210 207 220 232 232 232 232 232 232 220 207 210 228 232
232 228 210 206 206 206 213 228 228 213 206 206 206 210 228 232
232 206  96  72  71  72 121 213 213 121  72  71  72  96 206 232
232 195  39   5   3   3  72 206 206  75   6   4   2  37 194 232
232 210 121  95  43   3  71 206 217 141 100  56   6  36 194 232
232 230 221 207  95   5  72 206 230 223 216 124  13  36 194 232
232 232 232 221 121  39  96 210 232 232 229 146  47  67 200 232
232 232 232 230 210 195 206 228 232 232 231 215 196 200 226 232
232 232 232 232 232 232 232 232 232 232 232 232 232 232 232 232
232 232 232 232 232 232 232 232 232 232 232 232 232 232 232 232
232 226 200 194 194 194 194 194 194 194 194 194 194 200 226 232
232 200  67  36  36  36  36  36  36  36  36  36  36  67 200 232
232 194  36   2   8  13  13  13  13  13  13   8   2  36 194 232
232 194  36   8  73 129 131 131 131 131 129  73   8  36 194 232
232 194  37  14 129 225 228 228 228 228 225 129  14  37 194 232
232 206  96  80 161 229 232 232 232 232 229 161  80  96 206 232
232 228 210 207 220 232 232 232 232 232 232 220 207 210 228 232
232 228 210 206 206 206 213 228 228 213 206 206 206 210 228 232
232 206  96  72  71  72 121 213 213 121  72  71  72  96 206 232
232 195  39   5   3   3  72 206 206  75   6   4   2  37 194 232
232 210 121  95  43   3  71 206 217 141 100  56   6  36 194 232
232 230 221 207  95   5  72 206 230 223 216 124  13  36 194 232
232 232 232 221 121  39  96 210 232 232 229 146  47  67 200 232
232 232 232 230 210 195 206 228 232 232 231 215 196 200 226 232
232 232 232 232 232 232 232 232 232 232 232 232 232 232 232 232

232 232 232 232 232 232 232 232 232 232 232 232 232 232 232 232
232 226 200 194 194 194 206 228 228 206 194 194 194 200 226 232
232 200  67  36  36  37  96 210 210  96  37  36  36  67 200 232
232 194  36   2   8  14  80 207 206  72   2   6  13  47 196 232
232 194  36   8  73 129 161 220 206  71   4  56 124 146 215 232
232 194  36  13 129 225 229 232 206  72   6 100 216 229 231 232
232 194  36  13 131 228 232 232 213 121  75 141 223 232 232 232
232 194  36  13 131 228 232 232 228 213 206 217 230 232 232 232
232 194  36  13 131 228 232 232 228 213 206 206 206 210 228 232
232 194  36  13 131 228 232 232 213 121  72  71  72  96 206 232
232 194  36  13 129 225 229 232 206  72   3   3   5  39 195 232
232 194  36   8  73 129 161 220 206  71   3  43  95 121 210 232
232 194  36   2   8  14  80 207 206  72   5  95 207 221 230 232
232 200  67  36  36  37  96 210 210  96  39 121 221 232 232 232
232 226 200 194 194 194 206 228 228 206 195 210 230 232 232 232
232 232 232 232 232 232 232 232 232 232 232 232 232 232 232 232
232 232 232 232 232 232 232 232 232 232 232 232 232 232 232 232
232 226 200 194 194 194 206 228 228 206 194 194 194 200 226 232
232 200  67  36  36  37  96 210 210  96  37  36  36  67 200 232
232 194  36   2   8  14  80 207 206  72   2   6  13  47 196 232
232 194  36   8  73 129 161 220 206  71   4  56 124 146 215 232
232 194  36  13 129 225 229 232 206  72   6 100 216 229 231 232
232 194  36  13 131 228 232 232 213 121  75 141 223 232 232 232
232 194  36  13 131 228 232 232 228 213 206 217 230 232 232 232
232 194  36  13 131 228 232 232 228 213 206 206 206 210 228 232
232 194  36  13 131 228 232 232 213 121  72  71  72  96 206 232
232 194  36  13 129 225 229 232 206  72   3   3   5  39 195 232
232 194  36   8  73 129 161 220 206  71   3  43  95 121 210 232
232 194  36   2   8  14  80 207 206  72   5  95 207 221 230 232
232 200  67  36  36  37  96 210 210  96  39 121 221 232 232 232
232 226 200 194 194 194 206 228 228 206 195 210 230 232 232 232
232 232 232 232 232 232 232 232 232 232 232 232 232 232 232 232
232 232 232 232 232 232 232 232 232 232 232 232 232 232 232 232
232 226 200 194 194 194 206 228 228 206 194 194 194 200 226 232
232 200  67  36  36  37  96 210 210  96  37  36  36  67 200 232
232 194  36   2   8  14  80 207 206  72   2   6  13  47 196 232
232 194  36   8  73 129 161 220 206  71   4  56 124 146 215 232
232 194  36  13 129 225 229 232 206  72   6 100 216 229 231 232
232 194  36  13 131 228 232 232 213 121  75 141 223 232 232 232
232 194  36  13 131 228 232 232 228 213 206 217 230 232 232 232
232 194  36  13 131 228 232 232 228 213 206 206 206 210 228 232
232 194  36  13 131 228 232 232 213 121  72  71  72  96 206 232
232 194  36  13 129 225 229 232 206  72   3   3   5  39 195 232
232 194  36   8  73 129 161 220 206  71   3  43  95 121 210 232
232 194  36   2   8  14  80 207 206  72   5  95 207 221 230 232
232 200  67  36  36  37  96 210 210  96  39 121 221 232 232 232
232 226 200 194 194 194 206 228 228 206 195 210 230 232 232 232
232 232 232 232 232 232 232 232 232 232 232 232 232 232 232 232
