  0   0   0   0   0   0   0   0   0   0   0   0   0   0   0   0
  0   0   0   0   0   0   0   0   0   0   0   0   0   0   0   0
  0   0   0   0   0   0   0   0   0   0   0   0   0   0   0   0
  0   0   0   0   0   0   4  13  13  13  13  12   0   0   0   0
  0   0   0   0   0   0  71 229 229 229 229 209  13   0   0   0
  0   0   0   0   0   0  79 255 255 255 255 233  14   0   0   0
  0   0   0   4  71  79 109 174 174 226 255 233  14   0   0   0
  0   0   0  13 229 255 174   0   0 166 255 233  14   0   0   0
  0   0   0  13 229 255 174   0   0 166 255 233  14   0   0   0
  0   0   0   4  79  87  60   0   0 166 255 233  14   0   0   0
  0   0   0   0   0   0   0   0   0 166 255 233  14   0   0   0
  0   0   0   0   0   0   0   0   0 151 233 213  13   0   0   0
  0   0   0   0   0   0   0   0   0   9  14  13   0   0   0   0
  0   0   0   0   0   0   0   0   0   0   0   0   0   0   0   0
  0   0   0   0   0   0   0   0   0   0   0   0   0   0   0   0
  0   0   0   0   0   0   0   0   0   0   0   0   0   0   0   0
  0   0   0   0   0   0   0   0   0   0   0   0   0   0   0   0
  0   0   0   0   0   0   0   0   0   0   0   0   0   0   0   0
  0   0   0   0   0   0   0   0   0   0   0   0   0   0   0   0
  0   0   0   0   0   0   4  13  13  13  13  12   0   0   0   0
  0   0   0   0   0   0  71 229 229 229 229 209  13   0   0   0
  0   0   0   0   0   0  79 255 255 255 255 233  14   0   0   0
  0   0   0   4  71  79 109 174 174 226 255 233  14   0   0   0
  0   0   0  13 229 255 174   0   0 166 255 233  14   0   0   0
  0   0   0  13 229 255 174   0   0 166 255 233  14   0   0   0
  0   0   0   4  79  87  60   0   0 166 255 233  14   0   0   0
  0   0   0   0   0   0   0   0   0 166 255 233  14   0   0   0
  0   0   0   0   0   0   0   0   0 151 233 213  13   0   0   0
  0   0   0   0   0   0   0   0   0   9  14  13   0   0   0   0
  0   0   0   0   0   0   0   0   0   0   0   0   0   0   0   0
  0   0   0   0   0   0   0   0   0   0   0   0   0   0   0   0
  0   0   0   0   0   0   0   0   0   0   0   0   0   0   0   0
  0   0   0   0   0   0   0   0   0   0   0   0   0   0   0   0
  0   0   0   0   0   0   0   0   0   0   0   0   0   0   0   0
  0   0   0   0   0   0   0   0   0   0   0   0   0   0   0   0
  0   0   0   0   0   0   4  13  13  13  13  12   0   0   0   0
  0   0   0   0   0   0  71 229 229 229 229 209  13   0   0   0
  0   0   0   0   0   0  79 255 255 255 255 233  14   0   0   0
  0   0   0   4  71  79 109 174 174 226 255 233  14   0   0   0
  0   0   0  13 229 255 174   0   0 166 255 233  14   0   0   0
  0   0   0  13 229 255 174   0   0 166 255 233  14   0   0   0
  0   0   0   4  79  87  60   0   0 166 255 233  14   0   0   0
  0   0   0   0   0   0   0   0   0 166 255 233  14   0   0   0
  0   0   0   0   0   0   0   0   0 151 233 213  13   0   0   0
  0   0   0   0   0   0   0   0   0   9  14  13   0   0   0   0
  0   0   0   0   0   0   0   0   0   0   0   0   0   0   0   0
  0   0   0   0   0   0   0   0   0   0   0   0   0   0   0   0
  0   0   0   0   0   0   0   0   0   0   0   0   0   0   0   0

  0   0   0   0   0   0   0   0   0   0   0   0   0   0   0   0
  0   0   0   0   0   0   0   0   0   0   0   0   0   0   0   0
  0   0   0   0   0   0   0   0   0   0   0   0   0   0   0   0
  0   0   0   1  13  14  14  14  14  14  14  13   1   0   0   0
  0   0   0  13 210 232 232 232 232 232 232 210  13   0   0   0
  0   0   0  14 232 255 255 255 255 255 255 232  14   0   0   0
  0   0   0  14 232 255 227 170 170 170 170 155  10   0   0   0
  0   0   0  14 232 255 170   0   0   0   0   0   0   0   0   0
  0   0   0  14 232 255 170   0   0   0   0   0   0   0   0   0
  0   0   0   5  76  84 112 170 170  56   0   0   0   0   0   0
  0   0   0   0   0   0  84 255 255  84   0   0   0   0   0   0
  0   0   0   0   0   0  76 232 232  76   0   0   0   0   0   0
  0   0   0   0   0   0   5  14  14   5   0   0   0   0   0   0
  0   0   0   0   0   0   0   0   0   0   0   0   0   0   0   0
  0   0   0   0   0   0   0   0   0   0   0   0   0   0   0   0
  0   0   0   0   0   0   0   0   0   0   0   0   0   0   0   0
  0   0   0   0   0   0   0   0   0   0   0   0   0   0   0   0
  0   0   0   0   0   0   0   0   0   0   0   0   0   0   0   0
  0   0   0   0   0   0   0   0   0   0   0   0   0   0   0   0
  0   0   0   1  13  14  14  14  14  14  14  13   1   0   0   0
  0   0   0  13 210 232 232 232 232 232 232 210  13   0   0   0
  0   0   0  14 232 255 255 255 255 255 255 232  14   0   0   0
  0   0   0  14 232 255 227 170 170 170 170 155  10   0   0   0
  0   0   0  14 232 255 170   0   0   0   0   0   0   0   0   0
  0   0   0  14 232 255 170   0   0   0   0   0   0   0   0   0
  0   0   0   5  76  84 112 170 170  56   0   0   0   0   0   0
  0   0   0   0   0   0  84 255 255  84   0   0   0   0   0   0
  0   0   0   0   0   0  76 232 232  76   0   0   0   0   0   0
  0   0   0   0   0   0   5  14  14   5   0   0   0   0   0   0
  0   0   0   0   0   0   0   0   0   0   0   0   0   0   0   0
  0   0   0   0   0   0   0   0   0   0   0   0   0   0   0   0
  0   0   0   0   0   0   0   0   0   0   0   0   0   0   0   0
  0   0   0   0   0   0   0   0   0   0   0   0   0   0   0   0
  0   0   0   0   0   0   0   0   0   0   0   0   0   0   0   0
  0   0   0   0   0   0   0   0   0   0   0   0   0   0   0   0
  0   0   0   1  13  14  14  14  14  14  14  13   1   0   0   0
  0   0   0  13 210 232 232 232 232 232 232 210  13   0   0   0
  0   0   0  14 232 255 255 255 255 255 255 232  14   0   0   0
  0   0   0  14 232 255 227 170 170 170 170 155  10   0   0   0
  0   0   0  14 232 255 170   0   0   0   0   0   0   0   0   0
  0   0   0  14 232 255 170   0   0   0   0   0   0   0   0   0
  0   0   0   5  76  84 112 170 170  56   0   0   0   0   0   0
  0   0   0   0   0   0  84 255 255  84   0   0   0   0   0   0
  0   0   0   0   0   0  76 232 232  76   0   0   0   0   0   0
  0   0   0   0   0   0   5  14  14   5   0   0   0   0   0   0
  0   0   0   0   0   0   0   0   0   0   0   0   0   0   0   0
  0   0   0   0   0   0   0   0   0   0   0   0   0   0   0   0
  0   0   0   0   0   0   0   0   0   0   0   0   0   0   0   0

  0   0   0   0   0   0   0   0   0   0   0   0   0   0   0   0
  0   0   0   0   0   0   0   0   0   0   0   0   0   0   0   0
  0   0   0   0   0   0   0   0   0   0   0   0   0   0   0   0
  0   0   0   1  13  14  10   0   0   0   0   0   0   0   0   0
  0   0   0  13 210 232 155   0   0   0   0   0   0   0   0   0
  0   0   0  14 232 255 170   0   0   0   0   0   0   0   0   0
  0   0   0  14 232 255 170   0   0  56  84  76   5   0   0   0
  0   0   0  14 232 255 170   0   0 170 255 232  14   0   0   0
  0   0   0  14 232 255 170   0   0 170 255 232  14   0   0   0
  0   0   0  14 232 255 227 170 170 112  84  76   5   0   0   0
  0   0   0  14 232 255 255 255 255  84   0   0   0   0   0   0
  0   0   0  13 210 232 232 232 232  76   0   0   0   0   0   0
  0   0   0   1  13  14  14  14  14   5   0   0   0   0   0   0
  0   0   0   0   0   0   0   0   0   0   0   0   0   0   0   0
  0   0   0   0   0   0   0   0   0   0   0   0   0   0   0   0
  0   0   0   0   0   0   0   0   0   0   0   0   0   0   0   0
  0   0   0   0   0   0   0   0   0   0   0   0   0   0   0   0
  0   0   0   0   0   0   0   0   0   0   0   0   0   0   0   0
  0   0   0   0   0   0   0   0   0   0   0   0   0   0   0   0
  0   0   0   1  13  14  10   0   0   0   0   0   0   0   0   0
  0   0   0  13 210 232 155   0   0   0   0   0   0   0   0   0
  0   0   0  14 232 255 170   0   0   0   0   0   0   0   0   0
  0   0   0  14 232 255 170   0   0  56  84  76   5   0   0   0
  0   0   0  14 232 255 170   0   0 170 255 232  14   0   0   0
  0   0   0  14 232 255 170   0   0 170 255 232  14   0   0   0
  0   0   0  14 232 255 227 170 170 112  84  76   5   0   0   0
  0   0   0  14 232 255 255 255 255  84   0   0   0   0   0   0
  0   0   0  13 210 232 232 232 232  76   0   0   0   0   0   0
  0   0   0   1  13  14  14  14  14   5   0   0   0   0   0   0
  0   0   0   0   0   0   0   0   0   0   0   0   0   0   0   0
  0   0   0   0   0   0   0   0   0   0   0   0   0   0   0   0
  0   0   0   0   0   0   0   0   0   0   0   0   0   0   0   0
  0   0   0   0   0   0   0   0   0   0   0   0   0   0   0   0
  0   0   0   0   0   0   0   0   0   0   0   0   0   0   0   0
  0   0   0   0   0   0   0   0   0   0   0   0   0   0   0   0
  0   0   0   1  13  14  10   0   0   0   0   0   0   0   0   0
  0   0   0  13 210 232 155   0   0   0   0   0   0   0   0   0
  0   0   0  14 232 255 170   0   0   0   0   0   0   0   0   0
  0   0   0  14 232 255 170   0   0  56  84  76   5   0   0   0
  0   0   0  14 232 255 170   0   0 170 255 232  14   0   0   0
  0   0   0  14 232 255 170   0   0 170 255 232  14   0   0   0
  0   0   0  14 232 255 227 170 170 112  84  76   5   0   0   0
  0   0   0  14 232 255 255 255 255  84   0   0   0   0   0   0
  0   0   0  13 210 232 232 232 232  76   0   0   0   0   0   0
  0   0   0   1  13  14  14  14  14   5   0   0   0   0   0   0
  0   0   0   0   0   0   0   0   0   0   0   0   0   0   0   0
  0   0   0   0   0   0   0   0   0   0   0   0   0   0   0   0
  0   0   0   0   0   0   0   0   0   0   0   0   0   0   0   0

  0   0   0   0   0   0   0   0   0   0   0   0   0   0   0   0
  0   0   0   0   0   0   0   0   0   0   0   0   0   0   0   0
  0   0   0   0   0   0   0   0   0   0   0   0   0   0   0   0
  0   0   0   0   0   0   5  14  14   5   0   0   0   0   0   0
  0   0   0   0   0   0  76 232 232  76   0   0   0   0   0   0
  0   0   0   0   0   0  84 255 255  84   0   0   0   0   0   0
  0   0   0   0   0   0  56 170 170 112  84  76   5   0   0   0
  0   0   0   0   0   0   0   0   0 170 255 232  14   0   0   0
  0   0   0   0   0   0   0   0   0 170 255 232  14   0   0   0
  0   0   0  10 155 170 170 170 170 227 255 232  14   0   0   0
  0   0   0  14 232 255 255 255 255 255 255 232  14   0   0   0
  0   0   0  13 210 232 232 232 232 232 232 210  13   0   0   0
  0   0   0   1  13  14  14  14  14  14  14  13   1   0   0   0
  0   0   0   0   0   0   0   0   0   0   0   0   0   0   0   0
  0   0   0   0   0   0   0   0   0   0   0   0   0   0   0   0
  0   0   0   0   0   0   0   0   0   0   0   0   0   0   0   0
  0   0   0   0   0   0   0   0   0   0   0   0   0   0   0   0
  0   0   0   0   0   0   0   0   0   0   0   0   0   0   0   0
  0   0   0   0   0   0   0   0   0   0   0   0   0   0   0   0
  0   0   0   0   0   0   5  14  14   5   0   0   0   0   0   0
  0   0   0   0   0   0  76 232 232  76   0   0   0   0   0   0
  0   0   0   0   0   0  84 255 255  84   0   0   0   0   0   0
  0   0   0   0   0   0  56 170 170 112  84  76   5   0   0   0
  0   0   0   0   0   0   0   0   0 170 255 232  14   0   0   0
  0   0   0   0   0   0   0   0   0 170 255 232  14   0   0   0
  0   0   0  10 155 170 170 170 170 227 255 232  14   0   0   0
  0   0   0  14 232 255 255 255 255 255 255 232  14   0   0   0
  0   0   0  13 210 232 232 232 232 232 232 210  13   0   0   0
  0   0   0   1  13  14  14  14  14  14  14  13   1   0   0   0
  0   0   0   0   0   0   0   0   0   0   0   0   0   0   0   0
  0   0   0   0   0   0   0   0   0   0   0   0   0   0   0   0
  0   0   0   0   0   0   0   0   0   0   0   0   0   0   0   0
  0   0   0   0   0   0   0   0   0   0   0   0   0   0   0   0
  0   0   0   0   0   0   0   0   0   0   0   0   0   0   0   0
  0   0   0   0   0   0   0   0   0   0   0   0   0   0   0   0
  0   0   0   0   0   0   5  14  14   5   0   0   0   0   0   0
  0   0   0   0   0   0  76 232 232  76   0   0   0   0   0   0
  0   0   0   0   0   0  84 255 255  84   0   0   0   0   0   0
  0   0   0   0   0   0  56 170 170 112  84  76   5   0   0   0
  0   0   0   0   0   0   0   0   0 170 255 232  14   0   0   0
  0   0   0   0   0   0   0   0   0 170 255 232  14   0   0   0
  0   0   0  10 155 170 170 170 170 227 255 232  14   0   0   0
  0   0   0  14 232 255 255 255 255 255 255 232  14   0   0   0
  0   0   0  13 210 232 232 232 232 232 232 210  13   0   0   0
  0   0   0   1  13  14  14  14  14  14  14  13   1   0   0   0
  0   0   0   0   0   0   0   0   0   0   0   0   0   0   0   0
  0   0   0   0   0   0   0   0   0   0   0   0   0   0   0   0
  0   0   0   0   0   0   0   0   0   0   0   0   0   0   0   0
